#Layer_Color=32768
#
#Feature symbol names
#
$0 r5

#
#Feature attribute names
#

#
#Layer features
#
L 1.2834626 0.5551212 1.2834626 0.6259812 0 P 0
L 1.2834626 0.5551212 1.3937026 0.5551212 0 P 0
L 1.2834626 0.6259812 1.3937026 0.6259812 0 P 0
L 1.2834626 3.8622078 1.2834626 3.9330678 0 P 0
L 1.2834626 3.8622078 1.3937026 3.8622078 0 P 0
L 1.2834626 3.9330678 1.3937026 3.9330678 0 P 0
L 1.3149628 7.5236251 1.3149628 7.5944851 0 P 0
L 1.3149628 7.5236251 1.4252028 7.5236251 0 P 0
L 1.3149628 7.5944851 1.4252028 7.5944851 0 P 0
L 1.3425178 4.1181133 1.3425178 4.1889733 0 P 0
L 1.3425178 4.1181133 1.4527578 4.1181133 0 P 0
L 1.3425178 4.1889733 1.4527578 4.1889733 0 P 0
L 1.3562927 6.8937039 1.3562927 6.9645639 0 P 0
L 1.3562927 6.8937039 1.4665327 6.8937039 0 P 0
L 1.3562927 6.9645639 1.4665327 6.9645639 0 P 0
L 1.3700826 0.6299212 1.3700826 0.6338612 0 P 0
L 1.3700826 0.6299212 1.3858226 0.6299212 0 P 0
L 1.3700826 0.6338612 1.3858226 0.6338612 0 P 0
L 1.3700826 3.9370078 1.3700826 3.9409478 0 P 0
L 1.3700826 3.9370078 1.3858226 3.9370078 0 P 0
L 1.3700826 3.9409478 1.3858226 3.9409478 0 P 0
L 1.3858226 0.6299212 1.3858226 0.6338612 0 P 0
L 1.3858226 3.9370078 1.3858226 3.9409478 0 P 0
L 1.3937026 0.5551212 1.3937026 0.6259812 0 P 0
L 1.3937026 3.8622078 1.3937026 3.9330678 0 P 0
L 1.3956626 0.3189007 1.3956626 0.3897607 0 P 0
L 1.3956626 0.3189007 1.5059026 0.3189007 0 P 0
L 1.3956626 0.3897607 1.5059026 0.3897607 0 P 0
L 1.4015828 7.5984251 1.4015828 7.6023651 0 P 0
L 1.4015828 7.5984251 1.4173228 7.5984251 0 P 0
L 1.4015828 7.6023651 1.4173228 7.6023651 0 P 0
L 1.4173228 7.5984251 1.4173228 7.6023651 0 P 0
L 1.4252028 7.5236251 1.4252028 7.5944851 0 P 0
L 1.4291378 4.1929133 1.4291378 4.1968533 0 P 0
L 1.4291378 4.1929133 1.4448778 4.1929133 0 P 0
L 1.4291378 4.1968533 1.4448778 4.1968533 0 P 0
L 1.4409428 3.1535464 1.4409428 3.2244064 0 P 0
L 1.4409428 3.1535464 1.5511828 3.1535464 0 P 0
L 1.4409428 3.2244064 1.5511828 3.2244064 0 P 0
L 1.4409429 3.7047275 1.4409429 3.7755875 0 P 0
L 1.4409429 3.7047275 1.5511829 3.7047275 0 P 0
L 1.4409429 3.7755875 1.5511829 3.7755875 0 P 0
L 1.4429127 6.9685039 1.4429127 6.9724439 0 P 0
L 1.4429127 6.9685039 1.4586527 6.9685039 0 P 0
L 1.4429127 6.9724439 1.4586527 6.9724439 0 P 0
L 1.4448778 4.1929133 1.4448778 4.1968533 0 P 0
L 1.4527578 4.1181133 1.4527578 4.1889733 0 P 0
L 1.4586527 6.9685039 1.4586527 6.9724439 0 P 0
L 1.4665327 6.8937039 1.4665327 6.9645639 0 P 0
L 1.4783533 6.7362235 1.4783533 6.8070835 0 P 0
L 1.4783533 6.7362235 1.5885933 6.7362235 0 P 0
L 1.4783533 6.8070835 1.5885933 6.8070835 0 P 0
L 1.4822826 0.3937007 1.4822826 0.3976407 0 P 0
L 1.4822826 0.3937007 1.4980226 0.3937007 0 P 0
L 1.4822826 0.3976407 1.4980226 0.3976407 0 P 0
L 1.4980226 0.3937007 1.4980226 0.3976407 0 P 0
L 1.5059026 0.3189007 1.5059026 0.3897607 0 P 0
L 1.5118132 7.3661448 1.5118132 7.4370048 0 P 0
L 1.5118132 7.3661448 1.6220532 7.3661448 0 P 0
L 1.5118132 7.4370048 1.6220532 7.4370048 0 P 0
L 1.5275628 3.2283464 1.5275628 3.2322864 0 P 0
L 1.5275628 3.2283464 1.5433028 3.2283464 0 P 0
L 1.5275628 3.2322864 1.5433028 3.2322864 0 P 0
L 1.5275629 3.7795275 1.5275629 3.7834675 0 P 0
L 1.5275629 3.7795275 1.5433029 3.7795275 0 P 0
L 1.5275629 3.7834675 1.5433029 3.7834675 0 P 0
L 1.5433028 3.2283464 1.5433028 3.2322864 0 P 0
L 1.5433029 3.7795275 1.5433029 3.7834675 0 P 0
L 1.5511828 3.1535464 1.5511828 3.2244064 0 P 0
L 1.5511829 3.7047275 1.5511829 3.7755875 0 P 0
L 1.5649733 6.8110235 1.5649733 6.8149635 0 P 0
L 1.5649733 6.8110235 1.5807133 6.8110235 0 P 0
L 1.5649733 6.8149635 1.5807133 6.8149635 0 P 0
L 1.5807133 6.8110235 1.5807133 6.8149635 0 P 0
L 1.5826833 0.5551212 1.5826833 0.6259812 0 P 0
L 1.5826833 0.5551212 1.6929233 0.5551212 0 P 0
L 1.5826833 0.6259812 1.6929233 0.6259812 0 P 0
L 1.5885933 6.7362235 1.5885933 6.8070835 0 P 0
L 1.5984232 3.8622078 1.5984232 3.9330678 0 P 0
L 1.5984232 3.8622078 1.7086632 3.8622078 0 P 0
L 1.5984232 3.9330678 1.7086632 3.9330678 0 P 0
L 1.5984332 7.4409448 1.5984332 7.4448848 0 P 0
L 1.5984332 7.4409448 1.6141732 7.4409448 0 P 0
L 1.5984332 7.4448848 1.6141732 7.4448848 0 P 0
L 1.6121983 4.1181133 1.6121983 4.1889733 0 P 0
L 1.6121983 4.1181133 1.7224383 4.1181133 0 P 0
L 1.6121983 4.1889733 1.7224383 4.1889733 0 P 0
L 1.6141732 7.4409448 1.6141732 7.4448848 0 P 0
L 1.6220532 7.3661448 1.6220532 7.4370048 0 P 0
L 1.6299235 7.5236251 1.6299235 7.5944851 0 P 0
L 1.6299235 7.5236251 1.7401635 7.5236251 0 P 0
L 1.6299235 7.5944851 1.7401635 7.5944851 0 P 0
L 1.6318833 6.8937038 1.6318833 6.9645638 0 P 0
L 1.6318833 6.8937038 1.7421233 6.8937038 0 P 0
L 1.6318833 6.9645638 1.7421233 6.9645638 0 P 0
L 1.6693033 0.6299212 1.6693033 0.6338612 0 P 0
L 1.6693033 0.6299212 1.6850433 0.6299212 0 P 0
L 1.6693033 0.6338612 1.6850433 0.6338612 0 P 0
L 1.6850432 3.9370078 1.6850432 3.9409478 0 P 0
L 1.6850432 3.9370078 1.7007832 3.9370078 0 P 0
L 1.6850432 3.9409478 1.7007832 3.9409478 0 P 0
L 1.6850433 0.6299212 1.6850433 0.6338612 0 P 0
L 1.6929233 0.5551212 1.6929233 0.6259812 0 P 0
L 1.6988183 4.1929133 1.6988183 4.1968533 0 P 0
L 1.6988183 4.1929133 1.7145583 4.1929133 0 P 0
L 1.6988183 4.1968533 1.7145583 4.1968533 0 P 0
L 1.7007832 3.9370078 1.7007832 3.9409478 0 P 0
L 1.7086632 3.8622078 1.7086632 3.9330678 0 P 0
L 1.7145583 4.1929133 1.7145583 4.1968533 0 P 0
L 1.7165435 7.5984251 1.7165435 7.6023651 0 P 0
L 1.7165435 7.5984251 1.7322835 7.5984251 0 P 0
L 1.7165435 7.6023651 1.7322835 7.6023651 0 P 0
L 1.7185033 6.9685038 1.7185033 6.9724438 0 P 0
L 1.7185033 6.9685038 1.7342433 6.9685038 0 P 0
L 1.7185033 6.9724438 1.7342433 6.9724438 0 P 0
L 1.7224383 4.1181133 1.7224383 4.1889733 0 P 0
L 1.7322835 7.5984251 1.7322835 7.6023651 0 P 0
L 1.7342433 6.9685038 1.7342433 6.9724438 0 P 0
L 1.7401635 7.5236251 1.7401635 7.5944851 0 P 0
L 1.7421233 6.8937038 1.7421233 6.9645638 0 P 0
L 1.7499933 0.3189007 1.7499933 0.3897607 0 P 0
L 1.7499933 0.3189007 1.8602333 0.3189007 0 P 0
L 1.7499933 0.3897607 1.8602333 0.3897607 0 P 0
L 1.7499934 3.7047275 1.7499934 3.7755875 0 P 0
L 1.7499934 3.7047275 1.8602334 3.7047275 0 P 0
L 1.7499934 3.7755875 1.8602334 3.7755875 0 P 0
L 1.7559034 3.1535464 1.7559034 3.2244064 0 P 0
L 1.7559034 3.1535464 1.8661434 3.1535464 0 P 0
L 1.7559034 3.2244064 1.8661434 3.2244064 0 P 0
L 1.7874038 6.7362235 1.7874038 6.8070835 0 P 0
L 1.7874038 6.7362235 1.8976438 6.7362235 0 P 0
L 1.7874038 6.8070835 1.8976438 6.8070835 0 P 0
L 1.7874038 7.3661448 1.7874038 7.4370048 0 P 0
L 1.7874038 7.3661448 1.8976438 7.3661448 0 P 0
L 1.7874038 7.4370048 1.8976438 7.4370048 0 P 0
L 1.8366133 0.3937007 1.8366133 0.3976407 0 P 0
L 1.8366133 0.3937007 1.8523533 0.3937007 0 P 0
L 1.8366133 0.3976407 1.8523533 0.3976407 0 P 0
L 1.8366134 3.7795275 1.8366134 3.7834675 0 P 0
L 1.8366134 3.7795275 1.8523534 3.7795275 0 P 0
L 1.8366134 3.7834675 1.8523534 3.7834675 0 P 0
L 1.8425234 3.2283464 1.8425234 3.2322864 0 P 0
L 1.8425234 3.2283464 1.8582634 3.2283464 0 P 0
L 1.8425234 3.2322864 1.8582634 3.2322864 0 P 0
L 1.8523533 0.3937007 1.8523533 0.3976407 0 P 0
L 1.8523534 3.7795275 1.8523534 3.7834675 0 P 0
L 1.8582634 3.2283464 1.8582634 3.2322864 0 P 0
L 1.8602333 0.3189007 1.8602333 0.3897607 0 P 0
L 1.8602334 3.7047275 1.8602334 3.7755875 0 P 0
L 1.8661434 3.1535464 1.8661434 3.2244064 0 P 0
L 1.8740238 6.8110235 1.8740238 6.8149635 0 P 0
L 1.8740238 6.8110235 1.8897638 6.8110235 0 P 0
L 1.8740238 6.8149635 1.8897638 6.8149635 0 P 0
L 1.8740238 7.4409448 1.8740238 7.4448848 0 P 0
L 1.8740238 7.4409448 1.8897638 7.4409448 0 P 0
L 1.8740238 7.4448848 1.8897638 7.4448848 0 P 0
L 1.8897638 6.8110235 1.8897638 6.8149635 0 P 0
L 1.8897638 7.4409448 1.8897638 7.4448848 0 P 0
L 1.8976438 6.7362235 1.8976438 6.8070835 0 P 0
L 1.8976438 7.3661448 1.8976438 7.4370048 0 P 0
L 1.9074738 6.8937039 1.9074738 6.9645639 0 P 0
L 1.9074738 6.8937039 2.0177138 6.8937039 0 P 0
L 1.9074738 6.9645639 2.0177138 6.9645639 0 P 0
L 1.9330691 4.1181133 1.9330691 4.1889733 0 P 0
L 1.9330691 4.1181133 2.0433091 4.1181133 0 P 0
L 1.9330691 4.1889733 2.0433091 4.1889733 0 P 0
L 1.937014 0.5551212 1.937014 0.6259812 0 P 0
L 1.937014 0.5551212 2.047254 0.5551212 0 P 0
L 1.937014 0.6259812 2.047254 0.6259812 0 P 0
L 1.9468438 3.8622078 1.9468438 3.9330678 0 P 0
L 1.9468438 3.8622078 2.0570838 3.8622078 0 P 0
L 1.9468438 3.9330678 2.0570838 3.9330678 0 P 0
L 1.9842542 7.5236251 1.9842542 7.5944851 0 P 0
L 1.9842542 7.5236251 2.0944942 7.5236251 0 P 0
L 1.9842542 7.5944851 2.0944942 7.5944851 0 P 0
L 1.9940938 6.9685039 1.9940938 6.9724439 0 P 0
L 1.9940938 6.9685039 2.0098338 6.9685039 0 P 0
L 1.9940938 6.9724439 2.0098338 6.9724439 0 P 0
L 2.0098338 6.9685039 2.0098338 6.9724439 0 P 0
L 2.0177138 6.8937039 2.0177138 6.9645639 0 P 0
L 2.0196891 4.1929133 2.0196891 4.1968533 0 P 0
L 2.0196891 4.1929133 2.0354291 4.1929133 0 P 0
L 2.0196891 4.1968533 2.0354291 4.1968533 0 P 0
L 2.023634 0.6299212 2.023634 0.6338612 0 P 0
L 2.023634 0.6299212 2.039374 0.6299212 0 P 0
L 2.023634 0.6338612 2.039374 0.6338612 0 P 0
L 2.0334638 3.9370078 2.0334638 3.9409478 0 P 0
L 2.0334638 3.9370078 2.0492038 3.9370078 0 P 0
L 2.0334638 3.9409478 2.0492038 3.9409478 0 P 0
L 2.0354291 4.1929133 2.0354291 4.1968533 0 P 0
L 2.039374 0.6299212 2.039374 0.6338612 0 P 0
L 2.0433091 4.1181133 2.0433091 4.1889733 0 P 0
L 2.047254 0.5551212 2.047254 0.6259812 0 P 0
L 2.0492038 3.9370078 2.0492038 3.9409478 0 P 0
L 2.0570838 3.8622078 2.0570838 3.9330678 0 P 0
L 2.0649539 3.1535464 2.0649539 3.2244064 0 P 0
L 2.0649539 3.1535464 2.1751939 3.1535464 0 P 0
L 2.0649539 3.2244064 2.1751939 3.2244064 0 P 0
L 2.0649541 3.7047275 2.0649541 3.7755875 0 P 0
L 2.0649541 3.7047275 2.1751941 3.7047275 0 P 0
L 2.0649541 3.7755875 2.1751941 3.7755875 0 P 0
L 2.0708641 7.3661447 2.0708641 7.4370047 0 P 0
L 2.0708641 7.3661447 2.1811041 7.3661447 0 P 0
L 2.0708641 7.4370047 2.1811041 7.4370047 0 P 0
L 2.0708742 7.5984251 2.0708742 7.6023651 0 P 0
L 2.0708742 7.5984251 2.0866142 7.5984251 0 P 0
L 2.0708742 7.6023651 2.0866142 7.6023651 0 P 0
L 2.0866142 7.5984251 2.0866142 7.6023651 0 P 0
L 2.0944942 7.5236251 2.0944942 7.5944851 0 P 0
L 2.1023644 6.7362235 2.1023644 6.8070835 0 P 0
L 2.1023644 6.7362235 2.2126044 6.7362235 0 P 0
L 2.1023644 6.8070835 2.2126044 6.8070835 0 P 0
L 2.1436942 0.3189007 2.1436942 0.3897607 0 P 0
L 2.1436942 0.3189007 2.2539342 0.3189007 0 P 0
L 2.1436942 0.3897607 2.2539342 0.3897607 0 P 0
L 2.1515739 3.2283464 2.1515739 3.2322864 0 P 0
L 2.1515739 3.2283464 2.1673139 3.2283464 0 P 0
L 2.1515739 3.2322864 2.1673139 3.2322864 0 P 0
L 2.1515741 3.7795275 2.1515741 3.7834675 0 P 0
L 2.1515741 3.7795275 2.1673141 3.7795275 0 P 0
L 2.1515741 3.7834675 2.1673141 3.7834675 0 P 0
L 2.1574841 7.4409447 2.1574841 7.4448847 0 P 0
L 2.1574841 7.4409447 2.1732241 7.4409447 0 P 0
L 2.1574841 7.4448847 2.1732241 7.4448847 0 P 0
L 2.1673139 3.2283464 2.1673139 3.2322864 0 P 0
L 2.1673141 3.7795275 2.1673141 3.7834675 0 P 0
L 2.1732241 7.4409447 2.1732241 7.4448847 0 P 0
L 2.1751939 3.1535464 2.1751939 3.2244064 0 P 0
L 2.1751941 3.7047275 2.1751941 3.7755875 0 P 0
L 2.1811041 7.3661447 2.1811041 7.4370047 0 P 0
L 2.1889844 6.8110235 2.1889844 6.8149635 0 P 0
L 2.1889844 6.8110235 2.2047244 6.8110235 0 P 0
L 2.1889844 6.8149635 2.2047244 6.8149635 0 P 0
L 2.2047244 6.8110235 2.2047244 6.8149635 0 P 0
L 2.2086596 4.1181133 2.2086596 4.1889733 0 P 0
L 2.2086596 4.1181133 2.3188996 4.1181133 0 P 0
L 2.2086596 4.1889733 2.3188996 4.1889733 0 P 0
L 2.2126044 6.7362235 2.2126044 6.8070835 0 P 0
L 2.2224344 6.8937038 2.2224344 6.9645638 0 P 0
L 2.2224344 6.8937038 2.3326744 6.8937038 0 P 0
L 2.2224344 6.9645638 2.3326744 6.9645638 0 P 0
L 2.2303142 0.3937007 2.2303142 0.3976407 0 P 0
L 2.2303142 0.3937007 2.2460542 0.3937007 0 P 0
L 2.2303142 0.3976407 2.2460542 0.3976407 0 P 0
L 2.2460542 0.3937007 2.2460542 0.3976407 0 P 0
L 2.2539342 0.3189007 2.2539342 0.3897607 0 P 0
L 2.2618044 0.5551212 2.2618044 0.6259812 0 P 0
L 2.2618044 0.5551212 2.3720444 0.5551212 0 P 0
L 2.2618044 0.6259812 2.3720444 0.6259812 0 P 0
L 2.2952796 4.1929133 2.2952796 4.1968533 0 P 0
L 2.2952796 4.1929133 2.3110196 4.1929133 0 P 0
L 2.2952796 4.1968533 2.3110196 4.1968533 0 P 0
L 2.3011745 3.8622078 2.3011745 3.9330678 0 P 0
L 2.3011745 3.8622078 2.4114145 3.8622078 0 P 0
L 2.3011745 3.9330678 2.4114145 3.9330678 0 P 0
L 2.3070847 7.5236251 2.3070847 7.5944851 0 P 0
L 2.3070847 7.5236251 2.4173247 7.5236251 0 P 0
L 2.3070847 7.5944851 2.4173247 7.5944851 0 P 0
L 2.3090544 6.9685038 2.3090544 6.9724438 0 P 0
L 2.3090544 6.9685038 2.3247944 6.9685038 0 P 0
L 2.3090544 6.9724438 2.3247944 6.9724438 0 P 0
L 2.3110196 4.1929133 2.3110196 4.1968533 0 P 0
L 2.3188996 4.1181133 2.3188996 4.1889733 0 P 0
L 2.3247944 6.9685038 2.3247944 6.9724438 0 P 0
L 2.3326744 6.8937038 2.3326744 6.9645638 0 P 0
L 2.3484244 0.6299212 2.3484244 0.6338612 0 P 0
L 2.3484244 0.6299212 2.3641644 0.6299212 0 P 0
L 2.3484244 0.6338612 2.3641644 0.6338612 0 P 0
L 2.3641644 0.6299212 2.3641644 0.6338612 0 P 0
L 2.3720444 0.5551212 2.3720444 0.6259812 0 P 0
L 2.3877945 3.9370078 2.3877945 3.9409478 0 P 0
L 2.3877945 3.9370078 2.4035345 3.9370078 0 P 0
L 2.3877945 3.9409478 2.4035345 3.9409478 0 P 0
L 2.3937047 7.5984251 2.3937047 7.6023651 0 P 0
L 2.3937047 7.5984251 2.4094447 7.5984251 0 P 0
L 2.3937047 7.6023651 2.4094447 7.6023651 0 P 0
L 2.4035345 3.9370078 2.4035345 3.9409478 0 P 0
L 2.4094447 7.5984251 2.4094447 7.6023651 0 P 0
L 2.4114145 3.8622078 2.4114145 3.9330678 0 P 0
L 2.4173247 7.5236251 2.4173247 7.5944851 0 P 0
